8
9
10
11
15
15
22
24
28
38
39
41
47
47
48
63
66
70
71
85
92
94
96
106
108
118
119
121
122
125
127
131
134
135
140
141
144
147
151
152
153
163
168
176
181
186
194
196
201
206
217
219
227
227
229
230
231
233
234
236
241
250
253
256
260
262
269
277
278
279
280
286
289
292
300
302
303
304
309
312
313
314
315
316
324
327
328
328
331
334
335
342
347
349
352
357
360
362
369
375
383
387
392
393
401
401
402
404
406
407
409
411
412
413
419
421
433
435
436
436
436
440
441
444
447
451
451
467
469
475
476
478
490
490
491
496
503
504
506
512
514
515
516
517
517
521
521
524
541
545
547
554
558
558
565
565
567
568
572
575
590
597
599
607
607
609
610
610
614
617
621
624
625
631
634
635
635
636
636
640
641
642
646
651
655
655
668
668
669
693
696
705
706
714
714
725
726
730
742
743
750
751
751
759
761
766
769
769
770
774
782
784
790
790
791
799
799
813
818
821
821
824
826
828
837
837
838
849
851
854
854
855
859
860
866
867
870
870
875
883
883
888
888
889
893
894
894
897
902
909
911
912
912
914
916
922
928
929
929
932
934
936
937
938
938
939
942
946
948
949
953
954
960
961
961
961
966
970
972
972
975
976
977
978
980
980
987
988
989
991
1002
1004
1005
1011
1016
1018
1018
1020
1022
1028
1031
1031
1034
1050
1057
1062
1070
1072
1074
1077
1079
1084
1084
1088
1095
1097
1098
1101
1101
1103
1104
1105
1106
1109
1123
1124
1126
1127
1130
1135
1152
1152
1158
1160
1163
1164
1165
1167
1169
1174
1178
1182
1183
1185
1185
1189
1191
1191
1194
1196
1202
1204
1205
1206
1208
1208
1210
1213
1213
1214
1214
1217
1221
1223
1225
1229
1235
1239
1242
1244
1248
1257
1260
1260
1262
1264
1264
1268
1270
1270
1272
1272
1273
1276
1277
1280
1283
1284
1286
1286
1288
1290
1303
1304
1305
1312
1312
1313
1313
1319
1333
1335
1335
1336
1340
1343
1345
1346
1347
1357
1364
1365
1369
1380
1384
1391
1391
1392
1396
1403
1404
1405
1412
1414
1422
1428
1429
1436
1439
1441
1446
1446
1448
1451
1453
1459
1468
1472
1474
1476
1480
1482
1483
1485
1491
1492
1493
1494
1496
1502
1509
1510
1514
1516
1517
1519
1521
1524
1525
1531
1533
1534
1535
1537
1539
1539
1544
1545
1545
1558
1560
1560
1565
1571
1575
1586
1588
1589
1598
1602
1610
1613
1614
1615
1617
1617
1618
1618
1621
1624
1626
1628
1629
1630
1630
1633
1644
1644
1651
1662
1667
1668
1668
1673
1674
1685
1685
1691
1692
1711
1712
1714
1714
1722
1728
1735
1745
1746
1746
1753
1753
1753
1757
1758
1759
1764
1770
1771
1773
1773
1778
1783
1783
1786
1791
1792
1794
1806
1806
1807
1813
1820
1821
1823
1823
1829
1831
1832
1833
1833
1833
1834
1837
1838
1840
1841
1841
1843
1845
1846
1849
1852
1862
1864
1867
1871
1873
1874
1879
1897
1899
1900
1904
1909
1911
1913
1913
1915
1915
1919
1921
1921
1922
1922
1924
1940
1949
1952
1952
1958
1963
1968
1981
1982
1985
1986
1990
1990
2005
2005
2005
2007
2011
2012
2014
2015
2015
2020
2021
2028
2032
2034
2037
2038
2045
2048
2052
2052
2052
2053
2055
2057
2058
2061
2062
2063
2069
2076
2079
2080
2081
2083
2085
2086
2088
2091
2093
2096
2102
2102
2106
2109
2112
2113
2114
2124
2127
2128
2133
2139
2140
2141
2141
2145
2146
2147
2156
2161
2161
2161
2168
2175
2185
2185
2186
2187
2189
2192
2195
2197
2201
2201
2216
2216
2219
2219
2222
2224
2231
2233
2248
2248
2251
2251
2258
2258
2259
2261
2266
2277
2277
2280
2287
2289
2291
2292
2295
2301
2301
2307
2311
2311
2313
2320
2322
2325
2327
2327
2332
2334
2335
2337
2338
2349
2353
2356
2358
2363
2365
2366
2368
2368
2372
2372
2374
2380
2381
2382
2382
2392
2410
2417
2420
2423
2424
2425
2425
2427
2427
2434
2438
2442
2452
2454
2455
2457
2459
2470
2470
2477
2478
2480
2480
2485
2487
2488
2497
2497
2499
2504
2522
2527
2527
2529
2530
2531
2533
2534
2535
2535
2536
2536
2544
2546
2547
2550
2550
2551
2555
2557
2561
2564
2564
2567
2571
2571
2572
2579
2580
2589
2594
2602
2605
2605
2619
2631
2633
2634
2642
2642
2643
2644
2644
2646
2655
2664
2664
2668
2668
2670
2671
2673
2689
2690
2691
2691
2692
2696
2701
2704
2709
2711
2713
2720
2727
2728
2729
2732
2733
2733
2736
2739
2742
2742
2744
2748
2748
2749
2755
2756
2768
2773
2775
2782
2784
2785
2791
2794
2795
2802
2803
2806
2810
2810
2811
2813
2822
2829
2838
2839
2839
2840
2842
2848
2852
2855
2861
2862
2863
2873
2882
2883
2884
2888
2889
2891
2892
2892
2894
2897
2899
2899
2903
2904
2906
2907
2907
2918
2918
2918
2920
2923
2925
2926
2932
2936
2938
2941
2946
2952
2953
2974
2975
2976
2983
2984
2984
2985
2988
2988
2989
2989
2997
2998
3002
3004
3005
3008
3010
3011
3014
3016
3023
3025
3026
3029
3030
3035
3035
3039
3041
3045
3047
3055
3058
3060
3061
3062
3064
3070
3074
3080
3082
3088
3090
3090
3105
3106
3108
3108
3111
3112
3117
3118
3122
3123
3129
3129
3133
3143
3144
3144
3149
3150
3150
3153
3154
3154
3159
3163
3164
3169
3170
3175
3181
3182
3191
3194
3197
3202
3207
3211
3215
3229
3235
3237
3240
3241
3241
3244
3247
3248
3249
3253
3258
3259
3266
3267
3267
3270
3276
3276
3283
3284
3288
3292
3299
3301
3303
3304
3308
3313
3315
3321
3322
3323
3328
3331
3331
3340
3344
3344
3349
3353
3357
3359
3364
3364
3366
3367
3370
3371
3372
3376
3384
3385
3389
3389
3394
3395
3399
3399
3402
3406
3409
3413
3413
3413
3422
3422
3423
3436
3440
3442
3447
3448
3449
3452
3453
3454
3456
3456
3460
3465
3467
3470
3472
3472
3473
3476
3479
3492
3500
3500
3500
3503
3505
3507
3508
3509
3510
3525
3529
3533
3538
3548
3549
3551
3555
3555
3556
3558
3561
3565
3568
3569
3571
3572
3573
3573
3576
3591
3596
3599
3608
3609
3609
3610
3613
3615
3615
3617
3619
3620
3620
3628
3630
3633
3640
3643
3650
3651
3658
3668
3671
3676
3677
3689
3692
3695
3697
3702
3708
3709
3709
3714
3717
3722
3723
3723
3724
3730
3731
3733
3740
3740
3740
3743
3750
3750
3754
3754
3757
3761
3761
3761
3767
3774
3776
3794
3795
3799
3808
3813
3814
3815
3819
3821
3822
3831
3837
3838
3838
3843
3846
3847
3847
3850
3852
3853
3861
3865
3874
3878
3880
3884
3892
3900
3912
3914
3914
3915
3916
3927
3929
3934
3934
3936
3937
3939
3940
3947
3947
3948
3949
3949
3952
3953
3954
3955
3960
3961
3962
3963
3966
3972
3972
3975
3980
3984
3995
3999
4001
4001
4002
4003
4007
4009
4010
4010
4012
4013
4017
4018
4021
4023
4024
4026
4027
4027
4028
4032
4035
4052
4055
4056
4058
4061
4064
4064
4069
4069
4074
4077
4078
4083
4086
4088
4093
4093
4094
4102
4104
4108
4108
4110
4111
4112
4117
4118
4118
4126
4128
4131
4133
4136
4139
4141
4143
4148
4150
4150
4155
4158
4162
4167
4174
4183
4183
4188
4192
4201
4206
4207
4210
4214
4214
4217
4219
4225
4227
4230
4234
4236
4237
4237
4244
4247
4248
4249
4252
4254
4256
4261
4267
4273
4280
4287
4287
4289
4291
4301
4303
4303
4303
4303
4307
4307
4308
4311
4319
4321
4326
4327
4329
4335
4338
4344
4344
4345
4346
4348
4348
4348
4352
4353
4355
4359
4369
4377
4378
4391
4391
4400
4402
4404
4408
4412
4412
4413
4417
4420
4421
4431
4446
4456
4456
4461
4471
4477
4483
4491
4491
4495
4502
4503
4505
4509
4510
4518
4518
4522
4525
4535
4536
4538
4542
4543
4543
4550
4550
4552
4557
4559
4559
4562
4573
4574
4579
4580
4580
4582
4584
4587
4595
4596
4599
4604
4604
4614
4619
4619
4621
4623
4625
4629
4630
4634
4635
4635
4637
4641
4643
4644
4644
4644
4645
4648
4654
4655
4657
4658
4661
4662
4667
4671
4677
4680
4683
4687
4690
4690
4693
4704
4707
4709
4711
4719
4723
4725
4725
4730
4730
4746
4750
4754
4765
4772
4773
4775
4775
4780
4785
4786
4794
4794
4799
4801
4804
4807
4807
4816
4819
4820
4822
4823
4831
4833
4840
4844
4850
4861
4864
4868
4876
4877
4887
4888
4891
4897
4898
4902
4904
4919
4919
4923
4924
4929
4929
4931
4931
4934
4937
4940
4946
4949
4955
4955
4961
4963
4966
4968
4974
4975
4977
4978
4980
4980
4981
4982
4986
4996
5002
5006
5008
5014
5016
5019
5020
5028
5028
5029
5037
5038
5044
5047
5049
5052
5054
5056
5061
5064
5067
5073
5078
5079
5080
5085
5090
5094
5099
5103
5104
5105
5105
5106
5109
5112
5114
5121
5131
5131
5134
5134
5142
5153
5158
5158
5158
5159
5165
5165
5168
5172
5173
5175
5180
5181
5183
5186
5187
5189
5195
5196
5203
5205
5206
5210
5217
5220
5221
5224
5225
5226
5244
5246
5253
5266
5269
5269
5271
5272
5272
5275
5275
5282
5283
5284
5290
5296
5307
5311
5314
5320
5330
5331
5332
5332
5333
5340
5341
5353
5356
5361
5362
5364
5365
5370
5376
5379
5382
5384
5385
5392
5392
5395
5396
5400
5401
5402
5402
5406
5406
5410
5410
5414
5416
5416
5419
5420
5421
5424
5439
5440
5441
5442
5444
5450
5451
5452
5457
5465
5470
5470
5474
5477
5486
5486
5492
5496
5498
5498
5500
5503
5509
5509
5509
5511
5511
5515
5522
5526
5532
5533
5533
5533
5535
5537
5540
5542
5550
5554
5554
5557
5558
5558
5560
5567
5567
5570
5576
5578
5578
5579
5580
5581
5584
5585
5586
5590
5594
5595
5607
5613
5616
5633
5633
5635
5639
5640
5642
5643
5644
5646
5649
5650
5652
5659
5660
5662
5669
5672
5673
5673
5674
5675
5675
5677
5678
5679
5684
5684
5686
5691
5691
5702
5704
5705
5706
5710
5711
5713
5715
5717
5720
5722
5723
5728
5741
5743
5745
5748
5748
5749
5760
5762
5767
5768
5769
5773
5777
5779
5780
5785
5798
5799
5804
5809
5815
5836
5838
5841
5842
5846
5847
5848
5849
5850
5853
5854
5855
5861
5863
5863
5864
5866
5868
5875
5876
5878
5882
5884
5884
5885
5889
5891
5892
5893
5895
5898
5899
5901
5901
5902
5906
5909
5910
5912
5920
5938
5944
5944
5950
5955
5956
5957
5961
5962
5966
5968
5970
5975
5980
5992
5995
5996
5998
5998
5998
6000
6000
6002
6008
6015
6015
6018
6020
6022
6023
6032
6036
6038
6039
6041
6041
6045
6047
6049
6049
6050
6052
6058
6067
6068
6073
6080
6082
6087
6090
6094
6103
6110
6111
6112
6122
6123
6132
6136
6141
6142
6144
6148
6156
6160
6163
6163
6164
6176
6183
6184
6185
6190
6191
6194
6195
6196
6197
6200
6200
6200
6204
6205
6205
6207
6207
6214
6215
6221
6221
6221
6222
6224
6231
6232
6234
6238
6239
6243
6244
6246
6246
6246
6248
6253
6253
6255
6256
6259
6264
6266
6269
6276
6277
6279
6286
6287
6292
6297
6300
6303
6316
6317
6327
6328
6332
6338
6338
6344
6346
6360
6360
6365
6367
6368
6370
6372
6373
6378
6386
6393
6397
6399
6409
6411
6412
6415
6420
6421
6423
6423
6425
6426
6429
6430
6432
6438
6440
6441
6443
6444
6446
6454
6455
6462
6467
6469
6473
6473
6473
6479
6480
6484
6487
6488
6497
6497
6499
6500
6503
6503
6506
6507
6509
6513
6519
6524
6529
6535
6538
6539
6541
6541
6545
6559
6560
6560
6563
6571
6574
6577
6582
6583
6586
6588
6591
6592
6592
6594
6595
6599
6602
6603
6609
6611
6611
6612
6614
6615
6619
6620
6627
6628
6637
6638
6642
6650
6650
6665
6672
6674
6674
6675
6676
6683
6684
6687
6688
6689
6690
6690
6691
6693
6694
6697
6698
6700
6704
6704
6712
6722
6723
6736
6737
6738
6742
6743
6744
6747
6751
6752
6769
6777
6783
6787
6789
6793
6801
6802
6802
6809
6811
6814
6815
6816
6821
6823
6832
6833
6835
6844
6845
6856
6857
6873
6873
6880
6880
6881
6881
6883
6884
6885
6886
6889
6895
6896
6898
6905
6905
6905
6908
6914
6916
6923
6927
6928
6930
6932
6942
6955
6965
6967
6968
6968
6976
6983
6984
6992
6992
6997
6998
7001
7005
7005
7007
7016
7016
7019
7023
7024
7026
7029
7031
7033
7043
7046
7046
7051
7051
7052
7053
7054
7054
7055
7058
7062
7066
7082
7089
7091
7096
7104
7105
7110
7114
7116
7130
7130
7131
7132
7136
7138
7141
7143
7145
7150
7155
7156
7157
7161
7163
7172
7173
7183
7190
7191
7191
7194
7196
7197
7201
7203
7204
7210
7213
7218
7223
7223
7227
7231
7232
7233
7235
7236
7239
7242
7246
7248
7262
7267
7267
7271
7272
7274
7274
7283
7284
7284
7287
7289
7298
7298
7298
7304
7307
7316
7321
7323
7327
7328
7331
7331
7332
7340
7345
7347
7349
7355
7361
7362
7365
7367
7371
7376
7377
7380
7380
7386
7388
7389
7397
7400
7402
7403
7404
7408
7409
7413
7415
7419
7420
7426
7427
7432
7437
7437
7438
7440
7446
7446
7449
7451
7452
7452
7456
7458
7462
7462
7462
7465
7470
7477
7484
7487
7490
7492
7495
7499
7502
7503
7509
7514
7516
7517
7518
7524
7526
7528
7528
7529
7539
7545
7555
7560
7564
7565
7566
7570
7574
7576
7578
7579
7580
7580
7581
7583
7587
7589
7590
7590
7593
7596
7599
7600
7603
7608
7610
7611
7611
7614
7618
7619
7619
7623
7628
7634
7635
7638
7649
7656
7656
7657
7662
7666
7675
7677
7679
7682
7686
7687
7690
7696
7705
7709
7715
7721
7722
7723
7727
7727
7730
7734
7737
7747
7755
7760
7770
7773
7776
7780
7780
7781
7782
7790
7794
7796
7809
7815
7815
7817
7818
7823
7824
7824
7826
7830
7833
7833
7838
7841
7846
7846
7848
7848
7850
7851
7853
7854
7857
7858
7859
7860
7867
7875
7884
7888
7890
7895
7896
7905
7917
7923
7933
7937
7948
7949
7956
7956
7960
7972
7981
7988
7989
7991
7995
7996
8007
8008
8010
8019
8019
8027
8028
8033
8035
8036
8037
8037
8041
8045
8050
8054
8059
8059
8063
8068
8070
8072
8074
8077
8080
8082
8082
8083
8092
8093
8107
8108
8108
8110
8110
8119
8126
8127
8129
8136
8138
8138
8138
8141
8152
8155
8157
8166
8170
8172
8172
8173
8175
8176
8178
8185
8192
8204
8207
8208
8212
8214
8224
8224
8226
8234
8238
8238
8239
8240
8240
8247
8247
8248
8256
8258
8266
8268
8268
8272
8276
8279
8285
8288
8291
8293
8299
8299
8299
8302
8304
8305
8306
8309
8314
8317
8320
8320
8322
8324
8327
8331
8332
8333
8335
8336
8337
8338
8342
8347
8352
8353
8357
8377
8379
8380
8381
8386
8388
8389
8395
8400
8413
8419
8420
8424
8425
8432
8434
8438
8446
8447
8451
8455
8458
8462
8463
8468
8474
8477
8479
8481
8483
8484
8489
8490
8491
8493
8494
8495
8497
8498
8498
8498
8500
8500
8502
8512
8522
8528
8533
8534
8537
8539
8555
8555
8555
8555
8557
8558
8558
8558
8559
8578
8585
8585
8586
8586
8588
8590
8607
8614
8617
8618
8618
8621
8623
8640
8642
8645
8645
8648
8648
8649
8650
8652
8656
8660
8665
8665
8670
8675
8682
8684
8695
8708
8710
8717
8722
8723
8723
8725
8728
8728
8729
8731
8732
8734
8735
8738
8741
8741
8741
8751
8754
8760
8763
8769
8773
8774
8780
8783
8784
8787
8787
8788
8789
8790
8793
8803
8803
8804
8807
8808
8812
8816
8819
8824
8826
8835
8836
8838
8841
8841
8845
8857
8874
8875
8877
8880
8885
8890
8891
8892
8897
8899
8900
8906
8912
8912
8928
8933
8946
8950
8950
8954
8959
8962
8962
8969
8975
8985
8988
8994
8999
9000
9001
9003
9012
9023
9024
9030
9037
9041
9042
9043
9043
9046
9051
9054
9055
9055
9055
9060
9061
9062
9068
9068
9070
9073
9075
9083
9087
9087
9088
9090
9092
9100
9102
9107
9113
9114
9115
9116
9121
9122
9124
9125
9125
9126
9128
9132
9135
9141
9147
9148
9149
9149
9150
9153
9154
9156
9156
9160
9163
9163
9164
9167
9168
9172
9176
9184
9185
9185
9195
9196
9201
9201
9202
9205
9206
9207
9208
9209
9212
9213
9220
9222
9225
9228
9233
9237
9254
9258
9258
9261
9274
9283
9290
9297
9302
9319
9321
9325
9326
9332
9342
9343
9345
9353
9354
9356
9364
9371
9371
9373
9373
9374
9378
9386
9388
9392
9395
9406
9409
9416
9417
9418
9420
9423
9426
9431
9433
9436
9437
9438
9439
9452
9458
9463
9466
9468
9471
9474
9474
9476
9476
9478
9478
9480
9482
9486
9491
9495
9500
9501
9501
9513
9517
9521
9524
9525
9532
9533
9535
9541
9544
9553
9554
9556
9561
9561
9564
9573
9576
9580
9581
9588
9588
9595
9599
9600
9611
9611
9616
9625
9625
9628
9628
9638
9641
9643
9644
9646
9646
9650
9655
9656
9657
9658
9661
9667
9668
9669
9672
9682
9685
9687
9689
9689
9691
9692
9692
9694
9695
9696
9696
9701
9703
9705
9708
9711
9720
9725
9725
9727
9736
9739
9740
9745
9748
9748
9749
9751
9753
9757
9757
9758
9759
9762
9762
9770
9773
9777
9779
9780
9788
9791
9800
9805
9806
9806
9806
9807
9810
9813
9813
9815
9816
9817
9829
9832
9837
9839
9842
9842
9859
9867
9869
9869
9870
9880
9888
9892
9894
9895
9899
9899
9902
9904
9911
9912
9912
9914
9916
9925
9930
9931
9932
9934
9940
9954
9960
9961
9962
9964
9965
9967
9968
9973
9974
9985
9985
9990
9991
9994
10005
10006
10013
10014
10024
10025
10027
10028
10028
10028
10037
10038
10040
10041
10050
10058
10061
10062
10062
10065
10067
10078
10079
10080
10083
10090
10093
10097
10097
10099
10102
10105
10106
10109
10116
10122
10125
10126
10129
10129
10136
10142
10146
10148
10151
10154
10155
10157
10160
10165
10165
10167
10168
10168
10170
10170
10170
10172
10172
10178
10193
10194
10200
10203
10208
10212
10217
10217
10218
10221
10222
10223
10230
10233
10234
10236
10240
10242
10246
10250
10251
10255
10264
10275
10280
10288
10290
10296
10296
10297
10298
10301
10311
10313
10316
10317
10318
10323
10327
10329
10329
10347
10349
10350
10352
10356
10365
10368
10368
10374
10379
10379
10382
10387
10390
10393
10396
10405
10407
10418
10419
10421
10428
10428
10430
10430
10435
10437
10439
10443
10443
10444
10446
10450
10451
10451
10463
10476
10479
10481
10481
10482
10486
10488
10499
10500
10501
10504
10504
10505
10507
10508
10509
10510
10510
10514
10514
10516
10520
10523
10525
10526
10531
10532
10537
10541
10541
10547
10548
10551
10551
10551
10552
10562
10573
10575
10576
10583
10593
10593
10594
10596
10601
10603
10613
10615
10616
10623
10624
10625
10628
10629
10630
10635
10643
10653
10659
10661
10664
10664
10665
10665
10666
10668
10668
10670
10677
10685
10689
10693
10696
10697
10699
10699
10703
10704
10709
10712
10719
10720
10722
10729
10733
10733
10734
10738
10745
10746
10750
10752
10752
10759
10760
10763
10763
10770
10778
10778
10786
10786
10787
10791
10795
10800
10801
10802
10806
10821
10825
10834
10835
10838
10841
10843
10845
10846
10851
10853
10853
10855
10857
10862
10863
10870
10875
10876
10876
10878
10878
10884
10885
10892
10892
10897
10899
10901
10901
10903
10906
10909
10917
10921
10929
10930
10934
10936
10940
10940
10940
10941
10943
10945
10950
10960
10964
10964
10965
10969
10971
10973
10977
10978
10980
10984
10986
10986
10996
11001
11005
11013
11016
11019
11019
11021
11021
11021
11024
11025
11027
11028
11033
11041
11043
11045
11045
11052
11055
11057
11059
11059
11059
11059
11066
11076
11083
11085
11088
11090
11093
11094
11098
11103
11104
11106
11106
11108
11124
11129
11134
11135
11137
11155
11156
11159
11160
11165
11166
11167
11167
11171
11174
11175
11179
11180
11184
11188
11190
11192
11195
11198
11202
11202
11203
11205
11206
11214
11215
11225
11226
11227
11230
11230
11234
11236
11247
11250
11264
11264
11265
11267
11270
11270
11272
11274
11276
11280
11283
11288
11290
11292
11293
11294
11296
11299
11302
11306
11308
11309
11312
11314
11322
11333
11339
11351
11353
11354
11359
11364
11364
11365
11367
11369
11372
11377
11381
11387
11389
11393
11393
11395
11398
11404
11407
11410
11411
11412
11413
11426
11427
11433
11435
11439
11445
11445
11449
11450
11451
11454
11464
11466
11466
11466
11470
11470
11473
11481
11485
11486
11488
11495
11499
11508
11510
11510
11513
11516
11517
11525
11528
11529
11530
11530
11531
11537
11538
11541
11542
11544
11545
11555
11557
11558
11560
11565
11574
11577
11578
11579
11590
11591
11592
11593
11596
11604
11604
11606
11607
11617
11618
11619
11629
11630
11631
11654
11657
11660
11664
11670
11673
11679
11679
11695
11697
11712
11715
11717
11718
11720
11723
11732
11741
11743
11746
11747
11748
11750
11756
11756
11760
11762
11764
11764
11765
11769
11771
11772
11779
11794
11794
11802
11802
11802
11812
11814
11818
11819
11822
11823
11824
11831
11834
11835
11835
11836
11845
11847
11854
11854
11858
11865
11870
11881
11888
11889
11892
11893
11895
11896
11901
11902
11906
11906
11907
11908
11909
11911
11912
11919
11920
11922
11929
11929
11932
11934
11945
11949
11951
11954
11958
11966
11975
11976
11978
11989
11992
11993
11995
11997
11997
12002
12006
12008
12010
12011
12012
12013
12014
12026
12028
12031
12034
12035
12041
12041
12053
12061
12065
12070
12072
12072
12074
12076
12083
12083
12084
12087
12089
12090
12092
12097
12100
12101
12103
12105
12105
12105
12125
12125
12131
12133
12144
12155
12156
12159
12160
12162
12164
12165
12165
12165
12166
12166
12166
12167
12169
12174
12176
12177
12178
12179
12179
12182
12183
12184
12185
12187
12191
12199
12201
12205
12214
12218
12221
12222
12222
12223
12232
12235
12238
12240
12243
12256
12262
12265
12273
12275
12277
12285
12287
12290
12290
12292
12294
12295
12295
12299
12301
12302
12303
12309
12310
12315
12320
12324
12328
12334
12337
12337
12339
12342
12343
12360
12361
12362
12363
12375
12384
12384
12385
12390
12396
12400
12404
12407
12417
12426
12433
12444
12447
12450
12451
12454
12454
12462
12465
12469
12470
12474
12474
12476
12477
12478
12484
12488
12494
12504
12509
12511
12512
12512
12518
12520
12528
12530
12532
12533
12533
12537
12543
12555
12560
12563
12563
12563
12572
12574
12574
12576
12576
12578
12580
12583
12587
12590
12590
12593
12596
12597
12606
12609
12611
12612
12612
12612
12613
12618
12618
12619
12620
12621
12624
12630
12634
12643
12655
12661
12663
12667
12668
12669
12669
12678
12691
12693
12696
12697
12699
12699
12701
12701
12707
12709
12710
12712
12712
12714
12717
12720
12723
12724
12726
12726
12727
12737
12742
12744
12744
12748
12749
12768
12780
12781
12782
12783
12783
12784
12784
12789
12793
12793
12794
12795
12795
12803
12807
12809
12810
12812
12814
12816
12817
12827
12829
12830
12830
12837
12838
12839
12841
12842
12842
12843
12851
12857
12867
12870
12874
12875
12882
12886
12889
12889
12889
12892
12900
12903
12903
12905
12907
12908
12911
12914
12918
12924
12930
12932
12938
12940
12943
12944
12945
12945
12945
12947
12954
12957
12960
12961
12962
12963
12964
12965
12971
12978
12979
12980
12985
12985
12990
12996
12997
12999
12999
12999
13006
13009
13010
13019
13020
13022
13026
13030
13030
13034
13037
13041
13045
13052
13053
13057
13067
13068
13068
13076
13083
13086
13090
13095
13095
13097
13099
13107
13109
13114
13119
13119
13122
13125
13125
13126
13128
13129
13133
13133
13136
13142
13144
13147
13148
13150
13154
13159
13162
13164
13164
13165
13166
13167
13169
13179
13180
13190
13190
13193
13194
13195
13196
13202
13204
13204
13213
13215
13216
13216
13216
13218
13219
13221
13227
13228
13231
13232
13232
13237
13237
13238
13239
13240
13242
13242
13246
13249
13250
13254
13264
13272
13281
13284
13284
13289
13291
13292
13294
13299
13303
13307
13309
13312
13312
13314
13326
13336
13337
13343
13347
13349
13351
13355
13355
13360
13361
13361
13364
13368
13370
13372
13384
13385
13386
13393
13394
13394
13402
13403
13405
13411
13413
13417
13425
13426
13433
13434
13434
13439
13441
13447
13447
13450
13451
13453
13456
13460
13464
13467
13467
13468
13468
13469
13471
13472
13474
13476
13478
13478
13482
13485
13485
13487
13488
13494
13495
13500
13501
13504
13505
13506
13518
13518
13519
13520
13524
13530
13534
13536
13537
13541
13549
13550
13551
13552
13553
13556
13559
13559
13559
13560
13563
13573
13581
13581
13582
13583
13583
13586
13590
13594
13601
13614
13625
13630
13633
13633
13636
13636
13636
13637
13638
13641
13652
13656
13659
13659
13660
13665
13668
13668
13671
13677
13679
13680
13683
13685
13686
13687
13688
13693
13693
13697
13703
13705
13707
13713
13714
13716
13716
13719
13735
13736
13746
13747
13748
13748
13748
13749
13753
13753
13754
13756
13758
13764
13766
13767
13773
13775
13778
13778
13778
13779
13782
13783
13784
13789
13789
13790
13791
13793
13802
13802
13806
13817
13818
13820
13825
13828
13831
13832
13833
13838
13841
13856
13858
13861
13869
13874
13875
13877
13879
13883
13886
13887
13893
13895
13901
13903
13904
13906
13906
13912
13913
13917
13919
13922
13924
13936
13942
13944
13946
13947
13949
13954
13960
13965
13966
13968
13971
13978
13980
13985
13993
13995
13996
13997
13998
14009
14015
14017
14030
14031
14035
14037
14038
14040
14040
14041
14041
14045
14046
14049
14051
14054
14055
14058
14062
14066
14067
14069
14072
14072
14086
14086
14088
14092
14096
14096
14099
14102
14105
14111
14116
14119
14121
14123
14124
14126
14128
14134
14140
14144
14149
14152
14154
14158
14160
14165
14168
14170
14173
14174
14175
14175
14176
14177
14180
14183
14186
14190
14193
14194
14195
14195
14200
14210
14212
14214
14216
14216
14228
14234
14237
14240
14241
14248
14249
14251
14252
14261
14272
14273
14273
14274
14274
14282
14287
14287
14290
14290
14292
14293
14294
14295
14295
14296
14312
14313
14314
14319
14325
14328
14328
14329
14330
14331
14332
14332
14347
14349
14353
14362
14366
14367
14370
14371
14372
14378
14378
14382
14386
14390
14396
14401
14402
14405
14410
14410
14418
14419
14423
14428
14433
14439
14444
14445
14447
14451
14452
14453
14454
14457
14459
14465
14467
14472
14475
14480
14482
14482
14491
14495
14495
14499
14499
14499
14508
14510
14510
14510
14517
14520
14521
14522
14523
14525
14527
14527
14530
14530
14531
14536
14536
14537
14537
14539
14548
14549
14558
14574
14586
14590
14591
14592
14597
14598
14599
14602
14609
14611
14620
14621
14624
14629
14632
14634
14635
14637
14639
14639
14642
14643
14651
14651
14652
14653
14653
14654
14655
14655
14667
14670
14671
14675
14676
14677
14678
14679
14690
14698
14701
14702
14703
14703
14707
14708
14708
14708
14710
14712
14729
14729
14730
14735
14741
14747
14751
14752
14759
14763
14767
14770
14773
14773
14777
14786
14790
14790
14793
14798
14811
14830
14841
14843
14844
14844
14852
14854
14854
14857
14861
14861
14865
14865
14868
14884
14887
14887
14888
14891
14894
14895
14895
14897
14904
14906
14911
14920
14920
14920
14921
14936
14936
14940
14940
14950
14952
14954
14955
14960
14964
14965
14966
14966
14969
14969
14972
14972
14975
14979
14981
14982
14989
14995
14997
15001
15002
15009
15014
15019
15022
15022
15023
15024
15024
15026
15039
15045
15048
15049
15057
15059
15062
15068
15069
15083
15089
15091
15094
15096
15096
15100
15101
15105
15105
15106
15116
15122
15123
15126
15127
15127
15128
15128
15128
15129
15133
15133
15135
15135
15138
15139
15143
15147
15149
15158
15159
15165
15168
15177
15177
15180
15181
15187
15190
15190
15191
15196
15205
15206
15206
15208
15212
15224
15224
15226
15226
15230
15239
15240
15242
15244
15255
15256
15262
15265
15267
15269
15270
15272
15276
15279
15283
15285
15288
15291
15292
15293
15297
15298
15303
15304
15306
15309
15310
15313
15313
15313
15313
15317
15318
15321
15322
15322
15327
15331
15333
15339
15342
15342
15355
15360
15362
15363
15364
15365
15377
15378
15378
15382
15388
15389
15402
15402
15402
15403
15403
15409
15415
15420
15427
15430
15430
15439
15443
15444
15444
15446
15449
15450
15458
15460
15465
15470
15480
15482
15485
15491
15492
15494
15495
15497
15506
15506
15510
15511
15517
15518
15521
15529
15532
15534
15534
15535
15537
15541
15543
15543
15544
15548
15554
15556
15558
15562
15564
15570
15572
15578
15579
15580
15580
15581
15585
15588
15595
15601
15603
15611
15616
15621
15621
15622
15630
15633
15637
15639
15645
15646
15648
15649
15653
15653
15657
15661
15664
15664
15667
15668
15672
15673
15676
15677
15680
15682
15683
15687
15687
15691
15695
15697
15701
15706
15711
15712
15715
15729
15738
15740
15741
15742
15751
15764
15766
15767
15773
15777
15779
15780
15785
15785
15791
15795
15797
15800
15803
15805
15809
15809
15811
15811
15814
15814
15822
15823
15824
15833
15835
15835
15839
15841
15842
15844
15852
15860
15864
15869
15869
15871
15872
15874
15874
15874
15885
15887
15890
15892
15892
15900
15902
15903
15904
15904
15906
15908
15917
15921
15923
15923
15930
15931
15934
15939
15943
15945
15946
15956
15957
15958
15962
15963
15964
15966
15969
15971
15978
15981
15982
15983
15983
15985
15987
15987
15990
15990
15990
15992
15992
15993
15998
16003
16011
16013
16014
16015
16019
16019
16021
16031
16049
16050
16050
16054
16055
16058
16063
16066
16067
16075
16075
16077
16080
16085
16093
16094
16098
16099
16104
16111
16114
16120
16121
16129
16129
16129
16130
16134
16138
16141
16149
16149
16152
16155
16155
16156
16164
16165
16169
16170
16174
16175
16187
16188
16191
16197
16201
16204
16205
16208
16220
16225
16228
16230
16232
16236
16241
16246
16254
16257
16261
16262
16264
16267
16273
16277
16279
16280
16281
16282
16286
16287
16292
16295
16299
16302
16305
16306
16321
16321
16322
16323
16331
16336
16338
16339
16340
16347
16358
16359
16360
16361
16362
16370
16371
16371
16372
16374
16377
16383
16388
16389
16397
16401
16402
16405
16406
16406
16410
16414
16414
16419
16421
16422
16423
16423
16429
16431
16432
16443
16448
16451
16452
16455
16459
16460
16460
16464
16477
16480
16482
16483
16484
16497
16504
16509
16510
16512
16512
16513
16516
16518
16522
16522
16524
16531
16534
16537
16540
16542
16559
16559
16561
16562
16566
16567
16569
16571
16575
16578
16581
16583
16594
16596
16598
16601
16602
16605
16606
16614
16616
16619
16635
16638
16643
16647
16652
16655
16659
16662
16663
16663
16670
16674
16675
16681
16687
16689
16689
16690
16696
16703
16707
16707
16710
16711
16715
16720
16724
16729
16729
16731
16735
16735
16737
16746
16752
16754
16755
16757
16763
16764
16769
16770
16772
16773
16775
16777
16779
16779
16787
16788
16797
16802
16803
16805
16811
16814
16825
16825
16826
16827
16829
16834
16839
16840
16840
16841
16842
16845
16847
16848
16854
16856
16860
16867
16869
16870
16872
16874
16875
16877
16883
16886
16889
16891
16892
16895
16901
16907
16907
16909
16921
16930
16933
16933
16934
16934
16936
16937
16938
16942
16947
16948
16951
16952
16952
16952
16955
16957
16968
16973
16981
16985
16989
16990
16991
16991
16992
16994
16999
17000
17006
17007
17009
17010
17013
17013
17017
17024
17027
17027
17027
17034
17036
17039
17041
17042
17046
17049
17050
17050
17054
17054
17058
17062
17076
17084
17087
17090
17090
17096
17101
17105
17106
17106
17111
17113
17115
17121
17125
17132
17135
17135
17137
17142
17149
17151
17154
17157
17160
17170
17175
17179
17194
17194
17199
17201
17204
17215
17218
17221
17227
17229
17232
17232
17244
17249
17252
17259
17260
17271
17275
17277
17277
17281
17297
17301
17305
17308
17309
17322
17324
17325
17327
17327
17329
17333
17337
17341
17341
17342
17343
17345
17368
17376
17381
17383
17384
17391
17391
17393
17395
17400
17404
17407
17410
17410
17411
17414
17417
17418
17419
17424
17425
17426
17429
17435
17437
17438
17440
17443
17446
17446
17448
17449
17450
17455
17460
17470
17475
17479
17480
17481
17484
17484
17494
17495
17496
17497
17500
17502
17504
17508
17517
17522
17525
17526
17526
17530
17531
17533
17543
17545
17550
17551
17554
17556
17567
17570
17571
17575
17576
17581
17585
17586
17590
17591
17597
17605
17611
17617
17619
17619
17621
17621
17626
17627
17629
17638
17638
17644
17647
17648
17652
17653
17658
17666
17670
17674
17675
17677
17677
17678
17680
17684
17686
17687
17690
17692
17692
17704
17711
17712
17721
17723
17728
17740
17743
17745
17755
17756
17758
17762
17766
17769
17769
17775
17777
17777
17780
17780
17783
17783
17791
17794
17795
17796
17801
17804
17808
17822
17826
17829
17829
17839
17839
17852
17855
17861
17865
17876
17877
17886
17894
17895
17898
17898
17911
17913
17920
17921
17923
17924
17928
17936
17937
17940
17944
17951
17955
17960
17962
17968
17969
17983
17983
17991
17992
17993
17995
18001
18004
18006
18008
18008
18011
18012
18013
18015
18016
18016
18018
18020
18021
18022
18022
18024
18037
18038
18041
18046
18049
18052
18052
18053
18056
18057
18059
18059
18066
18067
18068
18068
18068
18071
18072
18076
18079
18083
18088
18088
18089
18097
18097
18098
18104
18108
18115
18121
18122
18127
18127
18133
18133
18137
18139
18142
18142
18145
18147
18149
18153
18154
18155
18156
18158
18159
18162
18166
18172
18173
18174
18182
18185
18185
18186
18192
18195
18195
18195
18198
18201
18209
18209
18214
18214
18219
18221
18223
18223
18228
18228
18230
18235
18237
18246
18249
18251
18252
18255
18257
18269
18270
18274
18276
18276
18277
18278
18285
18287
18290
18296
18304
18308
18316
18318
18320
18329
18333
18340
18343
18343
18346
18348
18348
18349
18352
18362
18363
18364
18366
18366
18367
18375
18376
18384
18385
18385
18387
18392
18393
18396
18398
18398
18403
18407
18409
18410
18413
18413
18413
18413
18414
18421
18425
18426
18427
18429
18432
18433
18436
18436
18444
18445
18460
18462
18469
18470
18472
18472
18473
18477
18487
18489
18489
18490
18490
18491
18493
18500
18503
18505
18509
18510
18512
18521
18522
18527
18528
18528
18530
18530
18534
18534
18535
18538
18540
18547
18549
18552
18558
18560
18563
18564
18566
18570
18572
18573
18575
18576
18585
18585
18595
18595
18596
18597
18602
18602
18611
18612
18618
18626
18628
18628
18629
18629
18641
18643
18654
18657
18659
18660
18661
18664
18665
18670
18671
18676
18677
18680
18680
18681
18687
18692
18695
18698
18703
18705
18706
18711
18715
18717
18720
18725
18732
18734
18736
18740
18742
18744
18745
18747
18749
18751
18753
18758
18760
18762
18767
18768
18769
18772
18773
18774
18778
18787
18788
18789
18797
18797
18799
18800
18801
18804
18807
18808
18812
18813
18815
18821
18825
18826
18827
18830
18833
18837
18842
18843
18844
18846
18852
18853
18856
18863
18865
18866
18875
18878
18887
18889
18891
18893
18901
18904
18904
18907
18910
18919
18920
18921
18923
18926
18927
18928
18931
18933
18937
18941
18942
18942
18943
18945
18948
18950
18951
18958
18960
18961
18961
18966
18967
18970
18972
18973
18978
18982
18982
18985
18991
18993
18998
19000
19004
19005
19005
19006
19009
19013
19017
19018
19025
19026
19029
19037
19037
19045
19046
19049
19054
19066
19068
19074
19076
19079
19082
19083
19083
19084
19088
19092
19097
19098
19108
19110
19112
19113
19116
19119
19129
19131
19133
19134
19136
19152
19152
19160
19165
19167
19168
19175
19176
19176
19180
19183
19189
19189
19189
19197
19197
19205
19206
19206
19208
19213
19214
19214
19221
19223
19225
19231
19237
19238
19241
19250
19251
19252
19252
19254
19254
19261
19262
19264
19267
19269
19270
19270
19272
19278
19284
19289
19290
19293
19307
19308
19308
19314
19321
19321
19325
19327
19328
19329
19337
19341
19343
19352
19355
19356
19368
19369
19375
19376
19376
19377
19377
19384
19385
19387
19395
19395
19401
19403
19407
19410
19412
19412
19414
19421
19428
19439
19440
19441
19443
19446
19451
19455
19467
19474
19475
19483
19485
19486
19488
19488
19490
19490
19491
19492
19492
19494
19495
19499
19502
19506
19516
19520
19524
19525
19527
19539
19540
19542
19544
19546
19556
19558
19561
19561
19563
19565
19568
19569
19571
19572
19574
19578
19580
19583
19583
19585
19587
19595
19597
19604
19606
19608
19611
19612
19613
19622
19626
19626
19627
19629
19631
19631
19632
19633
19636
19646
19647
19650
19652
19662
19664
19664
19666
19670
19670
19672
19673
19673
19675
19676
19678
19686
19704
19706
19713
19719
19723
19724
19727
19730
19743
19746
19750
19754
19755
19755
19760
19763
19768
19772
19784
19790
19792
19797
19798
19804
19805
19809
19809
19812
19814
19814
19814
19815
19815
19822
19827
19835
19841
19845
19847
19856
19859
19880
19882
19882
19886
19891
19899
19900
19901
19903
19904
19905
19907
19911
19921
19928
19929
19929
19934
19942
19942
19944
19945
19953
19958
19958
19962
19963
19969
19969
19969
19973
19978
19981
19981
19983
19985
19987
19990
19994
19994
19995
20007
20009
20013
20015
20018
20028
20028
20029
20031
20036
20037
20039
20048
20049
20055
20058
20062
20063
20065
20065
20066
20071
20075
20076
20077
20078
20087
20089
20094
20095
20101
20102
20104
20105
20107
20108
20108
20109
20110
20113
20115
20117
20120
20122
20123
20125
20129
20132
20135
20136
20140
20141
20142
20142
20144
20150
20152
20158
20164
20165
20171
20172
20172
20174
20178
20192
20192
20196
20200
20201
20201
20203
20205
20205
20219
20229
20234
20236
20238
20244
20246
20254
20255
20256
20258
20261
20262
20263
20267
20268
20269
20275
20276
20277
20302
20304
20323
20334
20341
20341
20350
20353
20360
20363
20372
20376
20380
20382
20382
20392
20397
20400
20401
20405
20407
20409
20419
20421
20421
20422
20423
20427
20428
20435
20437
20442
20443
20443
20445
20450
20457
20457
20464
20465
20467
20467
20470
20472
20475
20479
20483
20484
20487
20488
20491
20494
20503
20507
20509
20510
20516
20521
20522
20528
20533
20540
20540
20541
20544
20553
20556
20564
20565
20567
20568
20572
20572
20575
20579
20580
20596
20608
20610
20615
20617
20618
20620
20621
20623
20624
20625
20629
20636
20637
20638
20644
20649
20653
20653
20654
20656
20657
20660
20665
20665
20674
20675
20675
20685
20685
20689
20690
20694
20697
20697
20710
20711
20712
20712
20713
20722
20722
20723
20723
20724
20728
20729
20732
20736
20737
20738
20738
20744
20745
20748
20749
20754
20755
20756
20759
20760
20760
20762
20769
20771
20780
20781
20787
20795
20801
20804
20805
20807
20813
20819
20820
20826
20827
20831
20833
20836
20836
20837
20838
20840
20844
20850
20851
20857
20863
20865
20866
20869
20876
20880
20881
20889
20889
20890
20890
20893
20894
20894
20895
20896
20905
20907
20907
20908
20910
20910
20917
20923
20926
20928
20932
20933
20936
20938
20938
20943
20945
20947
20956
20958
20968
20970
20973
20973
20977
20980
20980
20980
20981
20988
20992
20996
20999
21002
21005
21007
21017
21017
21020
21027
21029
21032
21032
21042
21044
21046
21060
21068
21069
21069
21077
21078
21079
21085
21087
21087
21094
21099
21100
21103
21103
21106
21107
21110
21110
21111
21111
21117
21120
21120
21121
21123
21123
21131
21132
21133
21136
21141
21141
21145
21151
21152
21156
21157
21158
21159
21162
21164
21166
21172
21173
21175
21180
21184
21190
21196
21198
21200
21204
21208
21215
21215
21218
21225
21225
21226
21228
21229
21230
21231
21238
21238
21239
21240
21245
21245
21252
21252
21255
21256
21256
21257
21257
21258
21259
21262
21264
21265
21265
21273
21274
21279
21283
21287
21289
21291
21291
21294
21296
21297
21299
21303
21303
21304
21306
21307
21309
21309
21311
21312
21312
21315
21321
21321
21322
21322
21323
21335
21339
21340
21341
21346
21348
21351
21351
21360
21363
21364
21367
21367
21369
21371
21379
21379
21380
21382
21392
21392
21399
21401
21404
21405
21410
21416
21420
21420
21424
21428
21433
21437
21442
21447
21447
21450
21452
21455
21457
21489
21492
21493
21493
21504
21504
21504
21510
21511
21517
21518
21520
21525
21533
21535
21536
21544
21549
21553
21553
21557
21557
21558
21560
21562
21563
21566
21566
21573
21573
21576
21588
21590
21592
21593
21595
21601
21608
21613
21615
21615
21617
21618
21620
21621
21629
21632
21636
21637
21640
21650
21650
21652
21653
21655
21656
21657
21657
21658
21661
21662
21665
21671
21676
21682
21695
21697
21701
21703
21704
21704
21712
21722
21726
21731
21741
21741
21746
21746
21748
21755
21759
21763
21765
21765
21767
21768
21770
21777
21784
21789
21790
21791
21793
21800
21803
21809
21815
21824
21825
21826
21829
21833
21838
21841
21841
21846
21852
21855
21857
21859
21861
21862
21864
21870
21870
21871
21882
21883
21884
21886
21888
21890
21897
21898
21900
21901
21905
21911
21915
21916
21917
21929
21929
21930
21937
21937
21938
21951
21957
21962
21962
21963
21965
21974
21976
21979
21982
21982
21982
21982
21994
21995
22001
22008
22008
22012
22014
22016
22019
22019
22023
22025
22028
22031
22032
22039
22041
22042
22042
22043
22049
22050
22051
22051
22060
22061
22062
22065
22066
22068
22076
22078
22078
22079
22080
22084
22084
22084
22095
22095
22096
22098
22099
22102
22109
22109
22114
22120
22125
22125
22130
22133
22134
22135
22135
22139
22143
22146
22147
22148
22165
22166
22167
22174
22175
22179
22181
22186
22188
22191
22191
22199
22210
22211
22214
22215
22216
22222
22222
22223
22226
22229
22235
22237
22242
22245
22250
22250
22251
22262
22263
22264
22270
22272
22273
22275
22276
22278
22278
22278
22280
22280
22283
22286
22294
22294
22297
22298
22299
22304
22304
22313
22314
22329
22332
22336
22341
22342
22346
22348
22348
22356
22356
22358
22360
22361
22363
22363
22367
22372
22378
22379
22379
22384
22385
22394
22396
22398
22399
22400
22406
22406
22409
22412
22412
22417
22419
22419
22420
22429
22429
22433
22436
22437
22438
22441
22442
22443
22443
22446
22446
22447
22453
22453
22459
22461
22471
22475
22479
22480
22481
22494
22494
22496
22496
22496
22497
22500
22501
22503
22509
22515
22518
22522
22523
22524
22530
22531
22532
22537
22542
22549
22552
22559
22561
22569
22570
22572
22575
22578
22580
22592
22594
22597
22597
22599
22604
22607
22608
22609
22611
22614
22618
22625
22627
22631
22633
22636
22643
22643
22644
22644
22647
22648
22651
22653
22655
22661
22664
22664
22668
22671
22675
22678
22679
22686
22688
22692
22693
22695
22704
22715
22720
22721
22723
22724
22730
22730
22734
22743
22744
22746
22748
22751
22758
22758
22765
22771
22775
22776
22780
22781
22784
22789
22794
22797
22806
22807
22811
22814
22814
22814
22819
22823
22827
22828
22828
22829
22829
22831
22834
22836
22840
22841
22843
22847
22849
22853
22857
22857
22857
22859
22861
22866
22867
22868
22870
22883
22885
22887
22887
22888
22891
22892
22896
22902
22902
22906
22909
22911
22914
22917
22923
22925
22929
22937
22943
22946
22947
22960
22971
22976
22978
22979
22980
22981
22986
23002
23005
23006
23006
23008
23009
23010
23012
23013
23016
23016
23017
23022
23022
23031
23036
23038
23042
23049
23057
23058
23059
23068
23068
23070
23076
23078
23082
23083
23085
23087
23090
23093
23094
23094
23098
23103
23104
23106
23109
23111
23111
23112
23116
23117
23119
23119
23122
23124
23125
23125
23134
23135
23137
23145
23147
23154
23163
23164
23168
23169
23170
23174
23174
23187
23188
23190
23200
23213
23220
23224
23224
23239
23239
23242
23242
23246
23250
23251
23251
23252
23254
23256
23256
23262
23263
23265
23270
23271
23272
23272
23274
23281
23287
23290
23291
23292
23294
23296
23299
23300
23300
23303
23312
23312
23320
23327
23331
23332
23341
23347
23347
23350
23351
23351
23351
23353
23354
23355
23363
23365
23372
23387
23391
23394
23400
23402
23409
23412
23412
23414
23420
23421
23422
23426
23427
23430
23433
23443
23443
23445
23452
23457
23458
23470
23472
23487
23495
23495
23495
23496
23496
23496
23498
23502
23502
23514
23518
23520
23520
23526
23531
23531
23532
23542
23545
23551
23556
23565
23566
23567
23582
23583
23584
23585
23587
23589
23593
23599
23611
23618
23622
23630
23638
23640
23641
23652
23652
23654
23655
23667
23670
23670
23671
23675
23678
23678
23683
23685
23686
23702
23704
23704
23706
23708
23708
23709
23711
23712
23714
23714
23721
23724
23724
23725
23727
23734
23735
23736
23737
23740
23742
23751
23752
23753
23754
23755
23771
23773
23775
23776
23784
23795
23796
23797
23802
23806
23812
23816
23817
23818
23818
23823
23823
23826
23828
23829
23830
23837
23842
23842
23850
23858
23859
23864
23867
23875
23880
23881
23882
23882
23883
23884
23885
23886
23894
23899
23899
23902
23902
23915
23915
23915
23918
23919
23919
23926
23929
23930
23930
23938
23938
23939
23941
23944
23952
23953
23955
23962
23968
23969
23970
23979
23981
23981
23986
23987
23990
23990
23993
23995
24004
24005
24005
24010
24013
24014
24016
24016
24023
24024
24025
24031
24035
24036
24037
24044
24045
24046
24046
24050
24060
24067
24069
24069
24071
24075
24076
24078
24080
24083
24093
24102
24106
24106
24108
24109
24113
24116
24117
24120
24120
24128
24129
24143
24144
24146
24147
24152
24153
24166
24176
24186
24191
24192
24192
24193
24197
24197
24208
24209
24214
24217
24221
24222
24227
24229
24238
24243
24249
24250
24251
24252
24256
24258
24269
24269
24269
24272
24275
24280
24291
24300
24307
24312
24312
24312
24313
24314
24315
24320
24320
24329
24333
24333
24333
24335
24336
24340
24341
24342
24343
24344
24345
24347
24347
24351
24359
24359
24371
24377
24383
24386
24388
24389
24393
24394
24398
24399
24401
24402
24404
24404
24406
24408
24414
24417
24419
24419
24420
24423
24424
24431
24431
24438
24441
24443
24447
24452
24465
24471
24474
24476
24481
24485
24487
24491
24494
24498
24499
24505
24506
24507
24508
24511
24511
24512
24519
24523
24525
24526
24532
24533
24533
24544
24545
24552
24561
24562
24565
24586
24588
24595
24597
24603
24605
24606
24609
24617
24618
24622
24633
24640
24640
24646
24647
24650
24650
24654
24657
24665
24667
24667
24668
24673
24673
24676
24681
24685
24689
24690
24691
24695
24697
24699
24702
24706
24718
24722
24725
24744
24744
24753
24754
24762
24767
24771
24772
24778
24779
24779
24780
24781
24782
24783
24784
24786
24788
24789
24790
24791
24791
24793
24793
24794
24796
24800
24804
24806
24810
24811
24817
24819
24823
24826
24828
24829
24836
24838
24847
24847
24847
24851
24853
24855
24860
24871
24875
24875
24877
24888
24888
24889
24893
24901
24902
24904
24906
24907
24912
24914
24914
24916
24919
24922
24939
24944
24950
24952
24955
24955
24956
24964
24964
24966
24970
24978
24979
24980
24985
24989
24989
24992
24993
25012
25014
25020
25020
25022
25023
25030
25031
25032
25039
25041
25049
25050
25055
25060
25063
25063
25075
25089
25092
25096
25096
25118
25123
25124
25125
25127
25127
25129
25132
25134
25147
25157
25162
25163
25165
25165
25166
25168
25169
25171
25171
25175
25178
25181
25183
25191
25197
25198
25201
25202
25203
25206
25213
25215
25218
25229
25229
25237
25238
25238
25243
25244
25245
25245
25248
25248
25250
25251
25256
25258
25261
25262
25263
25269
25272
25272
25272
25274
25280
25280
25280
25280
25282
25283
25283
25286
25296
25304
25304
25308
25316
25318
25325
25327
25332
25334
25346
25346
25349
25349
25350
25356
25356
25361
25362
25362
25366
25371
25372
25372
25378
25381
25393
25401
25404
25411
25416
25418
25418
25436
25436
25446
25450
25459
25469
25477
25480
25480
25482
25487
25488
25491
25491
25492
25494
25499
25500
25503
25506
25506
25518
25521
25524
25527
25529
25535
25536
25536
25541
25542
25542
25543
25545
25547
25549
25550
25554
25554
25557
25557
25563
25563
25568
25572
25575
25578
25596
25608
25611
25613
25614
25616
25617
25618
25619
25621
25623
25625
25625
25629
25633
25636
25637
25642
25647
25647
25649
25649
25651
25652
25658
25658
25658
25661
25662
25665
25669
25673
25675
25676
25680
25681
25683
25693
25694
25697
25699
25700
25700
25700
25701
25705
25705
25708
25712
25726
25726
25732
25733
25733
25734
25735
25739
25739
25740
25746
25748
25749
25750
25753
25758
25759
25763
25765
25766
25766
25769
25777
25780
25786
25791
25792
25794
25794
25796
25799
25801
25802
25806
25813
25820
25820
25824
25829
25834
25837
25837
25838
25840
25840
25848
25860
25860
25871
25875
25879
25884
25885
25886
25890
25891
25906
25908
25909
25909
25924
25926
25935
25937
25940
25947
25958
25959
25960
25966
25972
25973
25974
25975
25985
25988
25989
25991
25997
25998
26001
26004
26009
26015
26015
26018
26024
26025
26027
26030
26034
26037
26042
26046
26047
26049
26052
26054
26059
26062
26065
26066
26074
26075
26077
26082
26082
26088
26089
26090
26093
26094
26099
26107
26112
26112
26130
26131
26132
26136
26142
26142
26143
26144
26151
26151
26152
26152
26165
26166
26170
26172
26172
26173
26180
26195
26196
26205
26206
26206
26208
26209
26210
26211
26219
26222
26224
26224
26224
26227
26230
26233
26234
26236
26240
26243
26244
26247
26249
26252
26263
26266
26266
26268
26269
26273
26278
26280
26285
26288
26292
26301
26303
26307
26311
26312
26318
26329
26337
26339
26340
26340
26341
26346
26348
26350
26363
26367
26372
26375
26380
26384
26384
26389
26398
26398
26400
26400
26404
26405
26410
26414
26415
26418
26419
26419
26424
26428
26428
26433
26433
26434
26434
26435
26446
26448
26463
26477
26479
26485
26485
26486
26489
26490
26490
26492
26496
26497
26498
26503
26505
26520
26523
26529
26534
26534
26538
26539
26543
26548
26550
26552
26553
26553
26556
26558
26571
26572
26574
26575
26576
26579
26580
26583
26584
26585
26593
26598
26601
26609
26609
26611
26622
26623
26623
26628
26629
26629
26631
26633
26640
26641
26649
26649
26660
26660
26663
26667
26671
26677
26682
26694
26698
26704
26708
26708
26711
26713
26715
26715
26718
26723
26724
26728
26731
26734
26736
26737
26738
26738
26745
26746
26746
26748
26759
26760
26761
26764
26765
26765
26767
26771
26774
26778
26782
26782
26784
26784
26792
26792
26792
26796
26797
26799
26800
26803
26804
26805
26807
26812
26815
26826
26832
26838
26839
26841
26842
26845
26845
26854
26858
26860
26863
26867
26872
26878
26878
26887
26890
26892
26892
26892
26897
26901
26903
26914
26919
26919
26921
26921
26928
26930
26931
26933
26937
26944
26946
26947
26950
26952
26952
26964
26975
26981
26981
26983
26987
26992
26993
26994
26995
26997
26997
27003
27003
27004
27010
27011
27012
27020
27024
27025
27027
27029
27035
27042
27045
27049
27050
27059
27067
27071
27072
27078
27078
27081
27087
27088
27088
27088
27091
27095
27097
27100
27104
27111
27113
27116
27117
27119
27122
27126
27130
27130
27130
27132
27139
27140
27148
27149
27150
27154
27159
27166
27166
27168
27180
27182
27185
27188
27189
27195
27198
27202
27209
27212
27214
27215
27216
27217
27218
27230
27231
27233
27241
27250
27253
27253
27254
27255
27263
27275
27275
27279
27285
27289
27290
27298
27298
27300
27326
27327
27328
27332
27335
27338
27343
27344
27347
27354
27357
27360
27366
27367
27372
27376
27382
27386
27392
27394
27396
27397
27403
27403
27403
27405
27411
27419
27421
27432
27439
27452
27453
27454
27462
27467
27470
27472
27473
27477
27478
27480
27496
27496
27502
27514
27516
27517
27530
27531
27532
27533
27539
27539
27540
27545
27545
27551
27552
27553
27554
27554
27558
27561
27563
27569
27570
27575
27576
27577
27578
27581
27588
27591
27596
27598
27602
27604
27604
27613
27614
27614
27619
27620
27621
27622
27623
27629
27631
27641
27642
27645
27648
27656
27661
27663
27664
27666
27667
27667
27674
27677
27677
27683
27686
27689
27691
27699
27700
27705
27707
27713
27722
27723
27728
27729
27733
27736
27741
27742
27743
27744
27746
27748
27749
27751
27752
27759
27759
27759
27762
27763
27775
27783
27787
27788
27789
27798
27800
27806
27812
27815
27816
27816
27818
27820
27821
27823
27825
27828
27831
27834
27834
27843
27845
27848
27852
27853
27853
27859
27865
27868
27874
27874
27875
27878
27883
27892
27896
27897
27898
27901
27903
27905
27906
27907
27909
27921
27925
27925
27933
27933
27933
27934
27943
27943
27944
27945
27947
27957
27975
27975
27979
27980
27981
27985
27988
27988
27991
27993
27994
27996
28002
28003
28008
28017
28019
28019
28035
28035
28036
28036
28043
28044
28046
28051
28051
28052
28054
28056
28057
28064
28067
28068
28078
28080
28084
28085
28094
28099
28101
28102
28119
28126
28129
28136
28143
28147
28154
28168
28168
28173
28176
28178
28181
28189
28190
28193
28195
28198
28199
28200
28205
28209
28214
28216
28232
28234
28240
28243
28244
28245
28249
28251
28253
28254
28259
28261
28269
28271
28277
28279
28285
28288
28290
28292
28292
28296
28305
28306
28307
28310
28310
28315
28316
28319
28322
28324
28324
28325
28325
28330
28332
28336
28348
28349
28350
28351
28353
28355
28358
28359
28359
28365
28367
28368
28374
28378
28381
28385
28387
28389
28397
28397
28403
28403
28413
28417
28419
28420
28429
28431
28431
28441
28443
28444
28450
28452
28459
28460
28465
28472
28477
28483
28487
28489
28490
28491
28495
28504
28506
28506
28508
28510
28511
28516
28519
28530
28531
28535
28537
28537
28538
28548
28550
28551
28553
28555
28555
28558
28559
28560
28561
28562
28571
28574
28576
28577
28583
28583
28585
28588
28588
28590
28592
28593
28603
28606
28608
28609
28610
28612
28614
28619
28619
28620
28625
28625
28626
28631
28632
28633
28635
28644
28657
28662
28664
28665
28666
28667
28668
28669
28673
28675
28675
28675
28678
28681
28687
28688
28688
28693
28694
28695
28701
28712
28713
28717
28720
28721
28721
28722
28724
28731
28733
28737
28739
28741
28742
28743
28743
28745
28745
28748
28748
28750
28751
28763
28770
28772
28776
28776
28777
28783
28784
28789
28792
28792
28794
28795
28797
28797
28799
28801
28805
28805
28808
28811
28812
28815
28821
28823
28827
28830
28830
28833
28835
28842
28844
28845
28850
28851
28860
28867
28874
28876
28877
28878
28879
28882
28883
28884
28886
28889
28889
28890
28891
28894
28902
28904
28907
28907
28908
28909
28910
28915
28918
28919
28920
28928
28933
28940
28948
28954
28959
28961
28964
28966
28969
28971
28973
28975
28977
28979
28982
28983
28984
28986
28987
28990
28991
28994
28996
29001
29002
29004
29004
29005
29007
29012
29013
29015
29018
29024
29029
29030
29032
29034
29036
29041
29043
29043
29043
29045
29055
29064
29068
29070
29071
29072
29074
29077
29083
29089
29089
29093
29093
29094
29099
29099
29104
29106
29108
29109
29111
29113
29124
29124
29130
29131
29140
29140
29142
29144
29144
29148
29149
29150
29151
29155
29157
29159
29166
29168
29170
29179
29181
29181
29185
29185
29186
29187
29188
29195
29199
29200
29202
29206
29206
29209
29210
29212
29216
29218
29220
29224
29224
29230
29237
29239
29245
29248
29248
29249
29250
29252
29258
29267
29269
29269
29271
29271
29282
29287
29287
29290
29294
29294
29297
29299
29300
29306
29309
29318
29319
29322
29323
29324
29327
29330
29332
29340
29348
29349
29350
29351
29352
29355
29356
29360
29362
29363
29364
29365
29372
29373
29378
29379
29379
29382
29386
29391
29392
29392
29405
29409
29416
29416
29424
29428
29431
29436
29447
29450
29455
29456
29457
29459
29462
29463
29466
29473
29476
29479
29481
29483
29484
29488
29489
29489
29489
29509
29510
29514
29515
29517
29528
29530
29530
29538
29544
29546
29547
29551
29553
29556
29558
29562
29568
29569
29571
29571
29573
29575
29578
29582
29582
29582
29584
29589
29597
29597
29598
29598
29603
29607
29611
29615
29621
29628
29631
29633
29635
29639
29642
29648
29649
29659
29660
29666
29668
29670
29672
29672
29678
29683
29685
29687
29692
29692
29696
29697
29702
29710
29711
29712
29713
29718
29727
29735
29736
29745
29748
29750
29764
29764
29766
29769
29770
29781
29782
29783
29788
29790
29792
29799
29801
29801
29806
29821
29824
29831
29834
29834
29835
29836
29837
29843
29844
29845
29851
29859
29859
29860
29867
29869
29875
29879
29886
29887
29890
29890
29893
29895
29895
29905
29906
29906
29907
29910
29915
29916
29924
29933
29935
29937
29938
29940
29944
29945
29946
29950
29953
29955
29958
29961
29963
29965
29968
29970
29970
29974
29977
29994
29998
30006
30007
30008
30010
30011
30011
30011
30014
30018
30030
30040
30042
30043
30048
30050
30052
30053
30054
30056
30061
30066
30074
30079
30079
30080
30085
30088
30092
30093
30094
30100
30103
30107
30110
30115
30122
30123
30126
30136
30146
30147
30150
30154
30155
30159
30160
30160
30161
30161
30165
30166
30169
30172
30173
30191
30192
30195
30195
30203
30204
30207
30210
30214
30219
30220
30222
30225
30227
30229
30232
30238
30239
30240
30246
30247
30251
30253
30254
30258
30261
30262
30264
30264
30265
30281
30290
30290
30300
30300
30301
30307
30309
30310
30311
30320
30327
30336
30338
30339
30341
30343
30344
30369
30370
30372
30377
30377
30380
30385
30394
30394
30396
30399
30400
30400
30401
30406
30409
30415
30422
30424
30426
30428
30435
30441
30449
30451
30456
30457
30462
30465
30469
30474
30475
30476
30480
30482
30485
30487
30487
30490
30495
30503
30503
30503
30507
30509
30511
30515
30516
30521
30524
30524
30529
30533
30535
30535
30536
30538
30540
30541
30544
30546
30550
30554
30558
30579
30581
30582
30582
30583
30587
30589
30594
30596
30598
30600
30600
30605
30607
30615
30617
30621
30624
30626
30630
30632
30635
30639
30640
30642
30642
30643
30644
30644
30650
30662
30663
30663
30663
30668
30669
30669
30671
30679
30680
30685
30692
30692
30699
30700
30703
30705
30712
30713
30714
30717
30721
30721
30722
30723
30730
30734
30738
30749
30758
30761
30767
30769
30771
30771
30776
30777
30784
30791
30795
30796
30801
30803
30824
30825
30827
30827
30829
30832
30833
30839
30842
30845
30847
30848
30849
30858
30858
30864
30871
30880
30884
30892
30893
30895
30919
30921
30922
30923
30923
30925
30925
30933
30941
30942
30942
30942
30968
30970
30973
30975
30980
30981
30983
30983
30986
30986
30994
30994
30997
30997
31007
31017
31018
31026
31027
31028
31029
31042
31043
31050
31051
31053
31055
31055
31057
31058
31061
31062
31066
31067
31067
31068
31077
31078
31080
31085
31086
31087
31088
31088
31092
31098
31105
31110
31111
31112
31115
31115
31121
31127
31135
31139
31143
31144
31145
31146
31150
31163
31164
31168
31168
31178
31180
31182
31189
31191
31195
31204
31204
31210
31213
31217
31238
31242
31244
31246
31251
31251
31253
31259
31260
31261
31261
31261
31267
31271
31281
31282
31284
31287
31292
31292
31293
31295
31300
31308
31311
31312
31317
31326
31329
31330
31331
31345
31355
31363
31368
31368
31369
31372
31378
31378
31378
31382
31385
31387
31387
31390
31395
31404
31406
31406
31408
31410
31411
31414
31416
31419
31424
31427
31431
31443
31448
31448
31449
31453
31453
31460
31460
31461
31469
31470
31477
31479
31480
31484
31485
31490
31497
31501
31504
31506
31506
31512
31515
31518
31529
31530
31534
31536
31538
31538
31542
31552
31555
31565
31567
31569
31569
31571
31574
31575
31576
31577
31579
31580
31581
31598
31601
31609
31611
31611
31612
31624
31625
31625
31627
31627
31629
31630
31636
31652
31656
31661
31665
31670
31673
31678
31680
31682
31685
31686
31686
31692
31694
31695
31699
31710
31719
31723
31725
31731
31733
31733
31735
31737
31738
31739
31741
31743
31749
31754
31754
31756
31758
31768
31770
31775
31776
31781
31782
31784
31785
31787
31790
31798
31802
31802
31804
31807
31814
31816
31818
31819
31819
31826
31828
31828
31837
31842
31845
31860
31862
31866
31866
31867
31873
31873
31874
31878
31879
31880
31889
31890
31890
31892
31896
31898
31902
31907
31910
31911
31915
31917
31918
31919
31922
31922
31923
31924
31925
31929
31933
31933
31934
31935
31937
31940
31942
31945
31947
31950
31950
31955
31956
31957
31957
31960
31960
31967
31968
31977
31985
31990
31990
31994
31994
31998
31999
32000
32005
32006
32008
32008
32011
32012
32026
32027
32029
32030
32030
32038
32039
32042
32043
32047
32051
32061
32062
32063
32066
32070
32073
32074
32095
32100
32101
32101
32103
32108
32108
32113
32116
32117
32117
32122
32130
32131
32133
32134
32146
32151
32153
32157
32158
32158
32158
32159
32161
32163
32163
32164
32165
32166
32167
32169
32174
32175
32179
32182
32185
32188
32197
32198
32202
32204
32209
32216
32218
32221
32222
32223
32229
32231
32233
32237
32238
32240
32240
32241
32245
32250
32251
32255
32260
32260
32269
32270
32275
32277
32277
32281
32287
32287
32289
32296
32299
32303
32318
32318
32324
32324
32330
32331
32332
32334
32338
32339
32342
32344
32345
32350
32351
32356
32366
32371
32371
32374
32377
32388
32393
32393
32396
32402
32403
32405
32407
32410
32411
32412
32412
32413
32416
32425
32427
32428
32429
32431
32432
32433
32437
32443
32444
32449
32451
32454
32468
32469
32472
32473
32473
32484
32484
32501
32503
32503
32505
32512
32520
32527
32534
32543
32545
32547
32549
32552
32554
32558
32559
32560
32567
32568
32575
32579
32585
32587
32589
32593
32595
32600
32605
32617
32622
32622
32623
32624
32624
32628
32630
32634
32637
32637
32639
32645
32646
32650
32652
32657
32657
32668
32672
32676
32679
32679
32681
32682
32689
32691
32698
32699
32701
32703
32709
32709
32710
32714
32720
32723
32724
32729
32731
32735
32735
32740
32742
32744
32749
32751
32751
32754
32760
32760
32763
